1D GP regression with 20 points 
noise_sd: 0.2822180390357971 
function_sd: 0.8770106434822083 
length_scale: 0.61234050989151 
log_marginal_likelihood: -55.90019989013672 
