Full GP regression on Boston Housing 
noise_sd: 0.19949309527873993 
function_sd: 1.033697485923767 
length_scales: [2.8558657e+00 2.3833909e+05 1.6917038e+12 4.2835281e+01 6.7787635e-01
 2.7626235e+00 3.7790785e+00 2.8084433e+00 2.2105327e+00 9.8953778e-01
 6.3111320e+00 8.8926086e+00 1.0697089e+00] 
log_marginal_likelihood: -140.47622680664062 
SMSE: 0.08689029514789581 
SNLP: -1.3980358839035034 
